9094 2 1 3
7576 1 2 3
5502 1 2 3
6161 1 3 2
7467 3 2 1
5532 1 3 2
7924 3 1 2
8735 2 1 3
7654 3 1 2
5594 1 2 3
7251 2 1 3
9735 3 2 1
9576 1 2 3
9422 2 3 1
7784 2 1 3
7399 1 2 3
7079 1 2 3
8637 1 3 2
5850 1 2 3
6382 2 1 3
6072 1 2 3
5218 2 1 3
9681 2 1 3
7515 2 3 1
6532 2 1 3
5410 3 1 2
8438 1 3 2
9424 3 2 1
7528 1 2 3
5407 1 2 3
8573 2 3 1
8541 1 3 2
7410 3 1 2
9543 1 2 3
8864 2 3 1
5393 1 3 2
9708 2 1 3
8391 2 3 1
6234 3 2 1
5632 2 3 1
7992 3 1 2
8610 1 3 2
6614 3 1 2
8726 3 2 1
6638 3 2 1
8659 1 3 2
9509 1 2 3
6226 1 2 3
5886 1 3 2
6372 1 2 3
7252 1 3 2
7541 2 1 3
9893 3 1 2
6387 1 2 3
5130 1 3 2
6285 1 3 2
5355 1 2 3
8123 2 1 3
5905 3 1 2
9770 2 1 3
6125 1 3 2
9040 2 1 3
6866 1 2 3
6640 3 1 2
7660 1 2 3
8895 1 2 3
5493 2 3 1
7096 1 3 2
8615 2 1 3
6981 2 1 3
6619 3 2 1
5477 2 3 1
9807 2 1 3
9074 1 2 3
5306 1 3 2
5455 1 2 3
5089 1 2 3
5163 1 2 3
7830 3 1 2
6344 2 1 3
9600 1 2 3
8249 3 1 2
7922 1 2 3
7296 2 1 3
8475 1 2 3
6500 3 1 2
9943 2 3 1
6949 3 1 2
8486 1 2 3
7072 2 3 1
8668 2 1 3
8791 3 1 2
8318 1 3 2
9734 1 2 3
9398 1 3 2
8151 1 3 2
8093 3 2 1
9761 1 2 3
9564 1 2 3
9964 3 1 2
